+04.30
+02.00
+01.00
+01.00
-04.00
+06.00
-04.00
+06.00
+07.00
-04.00
+01.00
-03.00
+08.00
+02.00
-04.00
-05.00
+02.00
+03.00
+12.00
+03.00
+02.00
+01.00
+04.00
+02.00
UTC
+03.00
-04.00
-04.00
-06.00
+02.00
UTC
+05.30
+07.00
+04.30
+03.00
+02.00
-05.00
+09.00
+03.00
+06.00
+03.00
+03.00
+07.00
+03.00
+03.00
UTC
+02.00
+03.00
+08.00
+05.00
+02.00
+04.00
+01.00
+05.45
+02.00
+12.00
-06.00
+01.00
+01.00
+04.00
UTC
+05.00
-05.00
-05.00
+02.00
+08.00
UTC
-04.00
+03.00
+03.00
+03.00
+02.00
+13.00
+03.00
UTC
UTC
+08.00
+02.00
+02.00
+03.00
+09.00
+05.30
+02.00
+03.00
+05.00
+03.00
+07.00
+01.00
+03.00
+03.00
+03.00
+04.00
-04.00
+01.00
+05.00
-04.00
+07.00
+03.00
+02.00
+02.00